CipherText1: 
[(55867958244932660876558678278665598154949701887, 1083779314518027394475739298273590186891441749978), (682522169331945573230241480925946740990590944504, 99876323895006584518669042940338988554102291671)]
[(55867958244932660876558678278665598154949701887, 1083779314518027394475739298273590186891441749978), (37089028578644408233327501219234902808382530648, 580141328329439694951556121431749900972165463535)]
[(55867958244932660876558678278665598154949701887, 1083779314518027394475739298273590186891441749978), (175718502368013969937213165102275818058422902443, 1059486640410953551670264852625280092814303237587)]
[(55867958244932660876558678278665598154949701887, 1083779314518027394475739298273590186891441749978), (697839262998772907058496281661937398367887657469, 877607430910903202203316830842126213045334174011)]
[(55867958244932660876558678278665598154949701887, 1083779314518027394475739298273590186891441749978), (37089028578644408233327501219234902808382530648, 580141328329439694951556121431749900972165463535)]
[(55867958244932660876558678278665598154949701887, 1083779314518027394475739298273590186891441749978), (175718502368013969937213165102275818058422902443, 1059486640410953551670264852625280092814303237587)]
[(55867958244932660876558678278665598154949701887, 1083779314518027394475739298273590186891441749978), (1411385676606697324821617295875549505311031732854, 63831724950850324640317520679747084010250648956)]
[(55867958244932660876558678278665598154949701887, 1083779314518027394475739298273590186891441749978), (37089028578644408233327501219234902808382530648, 580141328329439694951556121431749900972165463535)]
[(55867958244932660876558678278665598154949701887, 1083779314518027394475739298273590186891441749978), (980965514404523379502960182383105993422577221869, 775370712826572411058464020906294006674171833159)]
[(55867958244932660876558678278665598154949701887, 1083779314518027394475739298273590186891441749978), (1411385676606697324821617295875549505311031732854, 63831724950850324640317520679747084010250648956)]
[(55867958244932660876558678278665598154949701887, 1083779314518027394475739298273590186891441749978), (1351168584050091936859174074060242805183831752370, 808284921895115360707875947650839435306630260629)]
[(55867958244932660876558678278665598154949701887, 1083779314518027394475739298273590186891441749978), (1348823615912385673570063868778025237424713174953, 1312029737305691706367402944496787534285488742553)]
[(55867958244932660876558678278665598154949701887, 1083779314518027394475739298273590186891441749978), (445907510098077741591149149578924673710218140927, 231853826079099305874800377899349403255691034138)]
[(55867958244932660876558678278665598154949701887, 1083779314518027394475739298273590186891441749978), (854847350797936438896939522699873682243649823765, 752066402796216966123123972972084144888941653080)]
[(55867958244932660876558678278665598154949701887, 1083779314518027394475739298273590186891441749978), (445907510098077741591149149578924673710218140927, 231853826079099305874800377899349403255691034138)]
[(55867958244932660876558678278665598154949701887, 1083779314518027394475739298273590186891441749978), (175718502368013969937213165102275818058422902443, 1059486640410953551670264852625280092814303237587)]
[(55867958244932660876558678278665598154949701887, 1083779314518027394475739298273590186891441749978), (1351168584050091936859174074060242805183831752370, 808284921895115360707875947650839435306630260629)]
[(55867958244932660876558678278665598154949701887, 1083779314518027394475739298273590186891441749978), (980965514404523379502960182383105993422577221869, 775370712826572411058464020906294006674171833159)]
[(55867958244932660876558678278665598154949701887, 1083779314518027394475739298273590186891441749978), (175718502368013969937213165102275818058422902443, 1059486640410953551670264852625280092814303237587)]
[(55867958244932660876558678278665598154949701887, 1083779314518027394475739298273590186891441749978), (863372809633928464073112828571383778413578774749, 325713686197208921926534916695411103748369948983)]
[(55867958244932660876558678278665598154949701887, 1083779314518027394475739298273590186891441749978), (1348823615912385673570063868778025237424713174953, 1312029737305691706367402944496787534285488742553)]
[(55867958244932660876558678278665598154949701887, 1083779314518027394475739298273590186891441749978), (37089028578644408233327501219234902808382530648, 580141328329439694951556121431749900972165463535)]
[(55867958244932660876558678278665598154949701887, 1083779314518027394475739298273590186891441749978), (1161334855925610068562076346460508678484724160112, 1142075920882807991138763457184369372550100575871)]
[(55867958244932660876558678278665598154949701887, 1083779314518027394475739298273590186891441749978), (863372809633928464073112828571383778413578774749, 325713686197208921926534916695411103748369948983)]
[(55867958244932660876558678278665598154949701887, 1083779314518027394475739298273590186891441749978), (980965514404523379502960182383105993422577221869, 775370712826572411058464020906294006674171833159)]
[(55867958244932660876558678278665598154949701887, 1083779314518027394475739298273590186891441749978), (1351168584050091936859174074060242805183831752370, 808284921895115360707875947650839435306630260629)]
[(55867958244932660876558678278665598154949701887, 1083779314518027394475739298273590186891441749978), (1348823615912385673570063868778025237424713174953, 1312029737305691706367402944496787534285488742553)]
[(55867958244932660876558678278665598154949701887, 1083779314518027394475739298273590186891441749978), (1411385676606697324821617295875549505311031732854, 63831724950850324640317520679747084010250648956)]
[(55867958244932660876558678278665598154949701887, 1083779314518027394475739298273590186891441749978), (863372809633928464073112828571383778413578774749, 325713686197208921926534916695411103748369948983)]
[(55867958244932660876558678278665598154949701887, 1083779314518027394475739298273590186891441749978), (37089028578644408233327501219234902808382530648, 580141328329439694951556121431749900972165463535)]
[(55867958244932660876558678278665598154949701887, 1083779314518027394475739298273590186891441749978), (175718502368013969937213165102275818058422902443, 1059486640410953551670264852625280092814303237587)]
[(55867958244932660876558678278665598154949701887, 1083779314518027394475739298273590186891441749978), (863372809633928464073112828571383778413578774749, 325713686197208921926534916695411103748369948983)]
[(55867958244932660876558678278665598154949701887, 1083779314518027394475739298273590186891441749978), (37089028578644408233327501219234902808382530648, 580141328329439694951556121431749900972165463535)]
[(55867958244932660876558678278665598154949701887, 1083779314518027394475739298273590186891441749978), (523275428948398014845485907005995539358849665835, 599534742040260911319405457246442736266265547849)]
[(55867958244932660876558678278665598154949701887, 1083779314518027394475739298273590186891441749978), (980965514404523379502960182383105993422577221869, 775370712826572411058464020906294006674171833159)]
[(55867958244932660876558678278665598154949701887, 1083779314518027394475739298273590186891441749978), (1348823615912385673570063868778025237424713174953, 1312029737305691706367402944496787534285488742553)]
[(55867958244932660876558678278665598154949701887, 1083779314518027394475739298273590186891441749978), (1348823615912385673570063868778025237424713174953, 1312029737305691706367402944496787534285488742553)]
[(55867958244932660876558678278665598154949701887, 1083779314518027394475739298273590186891441749978), (1411385676606697324821617295875549505311031732854, 63831724950850324640317520679747084010250648956)]
[(55867958244932660876558678278665598154949701887, 1083779314518027394475739298273590186891441749978), (685036140319530165748741657620993707818013313013, 334721486586574303714607613908030270154895154611)]
[(55867958244932660876558678278665598154949701887, 1083779314518027394475739298273590186891441749978), (1161334855925610068562076346460508678484724160112, 1142075920882807991138763457184369372550100575871)]
[(55867958244932660876558678278665598154949701887, 1083779314518027394475739298273590186891441749978), (37089028578644408233327501219234902808382530648, 580141328329439694951556121431749900972165463535)]
[(55867958244932660876558678278665598154949701887, 1083779314518027394475739298273590186891441749978), (980965514404523379502960182383105993422577221869, 775370712826572411058464020906294006674171833159)]
[(55867958244932660876558678278665598154949701887, 1083779314518027394475739298273590186891441749978), (1411385676606697324821617295875549505311031732854, 63831724950850324640317520679747084010250648956)]
[(55867958244932660876558678278665598154949701887, 1083779314518027394475739298273590186891441749978), (332525465337417589783128350937834037293034759454, 90160986274707995665344425799695209317830203668)]
[(55867958244932660876558678278665598154949701887, 1083779314518027394475739298273590186891441749978), (832157393433484879940994606312989644641222094644, 1442247695259308219390288790221963101982717143294)]
[(55867958244932660876558678278665598154949701887, 1083779314518027394475739298273590186891441749978), (1348823615912385673570063868778025237424713174953, 1312029737305691706367402944496787534285488742553)]
[(55867958244932660876558678278665598154949701887, 1083779314518027394475739298273590186891441749978), (445907510098077741591149149578924673710218140927, 231853826079099305874800377899349403255691034138)]
[(55867958244932660876558678278665598154949701887, 1083779314518027394475739298273590186891441749978), (1161334855925610068562076346460508678484724160112, 1142075920882807991138763457184369372550100575871)]
[(55867958244932660876558678278665598154949701887, 1083779314518027394475739298273590186891441749978), (332525465337417589783128350937834037293034759454, 90160986274707995665344425799695209317830203668)]
[(55867958244932660876558678278665598154949701887, 1083779314518027394475739298273590186891441749978), (863372809633928464073112828571383778413578774749, 325713686197208921926534916695411103748369948983)]
[(55867958244932660876558678278665598154949701887, 1083779314518027394475739298273590186891441749978), (180440318202527747223863472322291173110598352051, 923085177773328762250238801415254906858694851814)]
[(55867958244932660876558678278665598154949701887, 1083779314518027394475739298273590186891441749978), (378443593751536937329529023329257483247905219439, 746652955269222581790879485784375467184478581944)]
CipherText2: 
[(55867958244932660876558678278665598154949701887, 1083779314518027394475739298273590186891441749978), (277779647355197126088153729020175218641596870339, 601396551582237321949935412959914876539956901444)]
[(55867958244932660876558678278665598154949701887, 1083779314518027394475739298273590186891441749978), (1259294305429330916426546296288137457947100586880, 1009357425529659869176887897992309353356344497602)]
[(55867958244932660876558678278665598154949701887, 1083779314518027394475739298273590186891441749978), (175718502368013969937213165102275818058422902443, 1059486640410953551670264852625280092814303237587)]
[(55867958244932660876558678278665598154949701887, 1083779314518027394475739298273590186891441749978), (573240055511559569871125193602295893303803145529, 21204644119705314219149467422894022315018854650)]
[(55867958244932660876558678278665598154949701887, 1083779314518027394475739298273590186891441749978), (37089028578644408233327501219234902808382530648, 580141328329439694951556121431749900972165463535)]
[(55867958244932660876558678278665598154949701887, 1083779314518027394475739298273590186891441749978), (292402145597316484901865433281380896315584326334, 1053002107650634687197583002858825550358952583394)]
[(55867958244932660876558678278665598154949701887, 1083779314518027394475739298273590186891441749978), (445907510098077741591149149578924673710218140927, 231853826079099305874800377899349403255691034138)]
[(55867958244932660876558678278665598154949701887, 1083779314518027394475739298273590186891441749978), (175718502368013969937213165102275818058422902443, 1059486640410953551670264852625280092814303237587)]
[(55867958244932660876558678278665598154949701887, 1083779314518027394475739298273590186891441749978), (1348823615912385673570063868778025237424713174953, 1312029737305691706367402944496787534285488742553)]
[(55867958244932660876558678278665598154949701887, 1083779314518027394475739298273590186891441749978), (697839262998772907058496281661937398367887657469, 877607430910903202203316830842126213045334174011)]
[(55867958244932660876558678278665598154949701887, 1083779314518027394475739298273590186891441749978), (1348823615912385673570063868778025237424713174953, 1312029737305691706367402944496787534285488742553)]
[(55867958244932660876558678278665598154949701887, 1083779314518027394475739298273590186891441749978), (37089028578644408233327501219234902808382530648, 580141328329439694951556121431749900972165463535)]
[(55867958244932660876558678278665598154949701887, 1083779314518027394475739298273590186891441749978), (1440776087958530796101942947965509689763006254323, 29689247684697983405781773888310157640669026942)]
[(55867958244932660876558678278665598154949701887, 1083779314518027394475739298273590186891441749978), (175718502368013969937213165102275818058422902443, 1059486640410953551670264852625280092814303237587)]
[(55867958244932660876558678278665598154949701887, 1083779314518027394475739298273590186891441749978), (863372809633928464073112828571383778413578774749, 325713686197208921926534916695411103748369948983)]
[(55867958244932660876558678278665598154949701887, 1083779314518027394475739298273590186891441749978), (863372809633928464073112828571383778413578774749, 325713686197208921926534916695411103748369948983)]
[(55867958244932660876558678278665598154949701887, 1083779314518027394475739298273590186891441749978), (573240055511559569871125193602295893303803145529, 21204644119705314219149467422894022315018854650)]
[(55867958244932660876558678278665598154949701887, 1083779314518027394475739298273590186891441749978), (1348823615912385673570063868778025237424713174953, 1312029737305691706367402944496787534285488742553)]
[(55867958244932660876558678278665598154949701887, 1083779314518027394475739298273590186891441749978), (78373212444488344540799307969749875731796368192, 802314160292287076027160395265110732208369611801)]
[(55867958244932660876558678278665598154949701887, 1083779314518027394475739298273590186891441749978), (37089028578644408233327501219234902808382530648, 580141328329439694951556121431749900972165463535)]
[(55867958244932660876558678278665598154949701887, 1083779314518027394475739298273590186891441749978), (1125485771675783074375184552379843945855698230585, 412569633221101755285559253118487568411259478582)]
[(55867958244932660876558678278665598154949701887, 1083779314518027394475739298273590186891441749978), (1348823615912385673570063868778025237424713174953, 1312029737305691706367402944496787534285488742553)]
[(55867958244932660876558678278665598154949701887, 1083779314518027394475739298273590186891441749978), (1348823615912385673570063868778025237424713174953, 1312029737305691706367402944496787534285488742553)]
